 nc_ = [0.0, 0.24055755395683454, 0.483363309352518, 0.6326438848920863, 0.8264388489208633, 0.9676258992805755, 1.1258992805755397, 1.3516187050359711, 1.4743705035971224, 10.008093525179856, 10.198741007194245, 10.425809352517986, 10.758543165467627, 10.989208633093526, 12.93884892086331, 13.340377697841726, 14.31115107913669, 14.693794964028777, 15.160521582733812, 16.067446043165468, 19.013039568345324, 19.423561151079138, 20.12769784172662, 20.522032374100718, 21.216726618705035, 21.426258992805757, 22.079586330935253, 23.932553956834532, 25.246852517985612, 25.77158273381295, 39.59217625899281, 72.16996402877697, 114.27562949640287, 150.79271582733813, 185.12859712230215, 216.12724820143885, 245.60026978417267, 274.8129496402878, 308.7666366906475, 318.45053956834533, 321.6056654676259, 323.5310251798561, 354.38758992805754, 357.306654676259, 359.82374100719426, 362.6753597122302, 379.2014388489209, 386.31160071942446, 397.55620503597123, 527.3385791366907, 575.0912769784172]
 pc_ = [0.0, 2.0, 4.0, 6.0, 8.0, 10.0, 12.0, 14.0, 16.0, 18.0, 20.0, 22.0, 24.0, 26.0, 28.0, 30.0, 32.0, 34.0, 36.0, 38.0, 40.0, 42.0, 45.0, 47.0, 49.0, 51.0, 53.0, 55.0, 57.0, 59.0, 61.0, 63.0, 65.0, 67.0, 69.0, 71.0, 73.0, 75.0, 77.0, 79.0, 81.0, 83.0, 85.0, 87.0, 89.0, 91.0, 93.0, 95.0, 97.0, 99.0, 99.0]
 
