 nc_ = [0.0, 1.2075389948006932, 2.581455805892548, 3.915511265164645, 7.2811958405545925, 9.454506065857885, 12.923310225303293, 15.326689774696707, 16.390381282495667, 34.69324090121317, 38.10441941074524, 42.01343154246101, 43.961438474870015, 45.88388214904679, 65.77339688041594, 73.88821490467937, 77.41247833622184, 87.0051993067591, 91.87435008665511, 151.37738301559793, 197.68804159445406, 207.06152512998267, 216.67764298093587, 221.97443674176776, 225.9449740034662, 228.65554592720972, 236.85918544194107, 272.2469670710572, 279.0974870017331, 294.553726169844, 657.8596187175043, 1054.8999133448874, 1371.9679376083188, 1416.6169844020797, 1431.6689774696706, 1450.5714904679376, 1468.7612651646448, 1582.9397746967072, 1597.2859618717505, 1648.7487001733102, 1669.5896880415944, 1678.3565857885615, 1708.5108318890814, 1737.2577989601386, 1846.0004332755632, 1903.7582322357018, 2546.4549393414213, 2703.4085788561524, 3390.2370017331023, 4286.234835355286]
 pc_ = [0.0, 2.0, 4.0, 6.0, 8.0, 10.0, 12.0, 14.0, 16.0, 18.0, 20.0, 22.0, 24.0, 26.0, 29.0, 31.0, 33.0, 35.0, 37.0, 39.0, 41.0, 43.0, 45.0, 47.0, 49.0, 51.0, 53.0, 55.0, 57.0, 59.0, 61.0, 63.0, 65.0, 67.0, 69.0, 71.0, 73.0, 75.0, 77.0, 79.0, 81.0, 83.0, 86.0, 88.0, 90.0, 92.0, 94.0, 96.0, 98.0, 99.0]
 
