 nc_ = [0.0, 2.392857142857143, 4.151785714285714, 6.089285714285714, 9.303571428571429, 11.241071428571429, 14.785714285714286, 14.973214285714286, 15.276785714285714, 107.3125, 108.83928571428571, 110.02678571428571, 111.08928571428571, 111.54464285714286, 111.70535714285714, 111.77678571428571, 112.44642857142857, 112.55357142857143, 117.49107142857143, 119.53571428571429, 119.91071428571429, 124.65178571428571, 178.73214285714286, 204.14285714285714, 229.01785714285714, 252.38392857142858, 282.83035714285717, 285.49107142857144, 287.51785714285717, 331.8482142857143, 332.23214285714283, 336.5982142857143, 411.25892857142856, 439.3482142857143]
 pc_ = [0.0, 3.0, 5.0, 8.0, 11.0, 13.0, 16.0, 19.0, 21.0, 24.0, 27.0, 29.0, 32.0, 35.0, 38.0, 40.0, 43.0, 46.0, 48.0, 51.0, 54.0, 56.0, 59.0, 62.0, 64.0, 67.0, 70.0, 72.0, 75.0, 78.0, 80.0, 83.0, 86.0, 87.0]
 
